10.2801
10.9671
10.0676
10.1399
9.12511
10.0095
8.89968
9.1093
9.52277
10.1387
11.6028
10.3775
10.4061
10.5433
11.2037
10.5804
10.0637
9.56696
10.5972
8.31648
10.0417
10.9432
9.77205
10.5768
10.1724
10.585
9.50653
11.6713
10.3966
10.141
8.8094
9.80685
8.55439
9.71141
8.77086
9.93603
10.1522
9.51545
11.6329
11.3689
11.4139
10.5907
10.78
9.34276
10.1318
8.87758
10.2398
11.1422
8.89913
9.79112
8.53392
10.6063
11.2308
11.1435
8.97433
9.29097
9.89784
9.60488
9.47245
7.47547
10.6367
9.76558
10.6934
10.2645
7.02146
9.69869
10.7861
11.0452
9.68278
10.5205
10.238
10.9219
11.9636
9.08856
12.0999
10.2145
9.20097
9.18966
10.1178
10.138
10.4109
10.827
10.3616
8.97549
9.30984
9.24111
9.40955
10.3552
10.3407
9.77246
9.00116
9.67415
10.597
9.87039
11.4403
9.18161
10.2942
11.1514
9.13973
9.9439
3.51937
6.13169
6.44075
5.38107
3.84295
8.18799
6.13198
8.65768
5.64484
8.34792
7.99482
7.79181
5.53205
6.74782
6.33541
5.64252
6.37064
4.70731
6.77741
6.72075
5.82427
7.90133
5.51706
6.64902
7.74234
7.30154
3.6096
5.90763
6.42568
6.21749
5.08662
6.93902
6.76293
8.80962
7.1587
7.9977
6.81559
4.4184
4.91647
5.93735
6.38661
7.81508
5.8199
6.11075
7.36183
6.20514
5.26275
6.21647
6.03795
7.97745
7.31387
7.77206
6.34982
9.99348
7.15429
5.69917
5.12814
7.13951
6.42492
5.08814
6.33558
4.69765
7.96508
9.74882
8.04685
6.54296
8.92283
7.41158
3.86187
6.79547
7.1113
7.7951
6.76768
8.65987
5.12137
10.4779
8.91231
6.65101
7.40732
5.76585
5.68371
7.1077
8.39394
8.30934
10.0144
6.5392
6.68461
3.13311
6.56365
7.20663
7.05336
6.08409
5.17933
6.41874
10.112
5.68613
7.00377
5.36288
8.6469
8.11219
11.6113
9.75952
7.60136
7.97179
9.23804
9.50819
10.1524
8.98079
7.06496
8.63173
6.32748
9.31489
9.30902
8.70744
7.19083
10.3005
9.89713
7.49328
6.61301
9.92021
9.36056
8.5508
8.86112
9.48594
7.89022
10.6976
8.99024
7.41603
7.80215
10.6277
7.58096
7.00025
10.133
8.9515
11.6163
8.12112
9.40235
8.47261
9.1113
6.25177
8.85306
9.5792
8.49189
7.99132
8.53663
5.54534
10.2563
8.98386
9.27866
9.42589
8.90561
10.5059
6.91759
8.39438
10.0332
8.47942
9.40923
6.20916
8.9932
10.0322
5.33199
8.16675
6.72775
7.04308
9.3384
10.0418
8.20378
7.76571
11.0488
8.3782
9.03826
8.00796
9.21747
6.77159
8.5305
7.24742
8.229
9.47512
11.2709
7.86072
9.25414
7.85363
8.6265
12.4352
8.75644
7.65579
9.91736
9.80788
6.34802
7.59478
7.86641
8.14126
8.64836
7.70753
9.11298
9.16575
7.30843
9.03163
6.91346
9.66657
-0.214747
0.0688965
-0.447286
0.065251
1.36763
0.759849
1.58304
2.02774
1.36256
1.77548
1.75498
3.35732
1.7572
-0.491999
1.29577
1.66741
1.94266
1.81714
0.508094
1.02769
1.3452
1.21574
3.029
-0.604517
1.85568
2.18642
0.409401
1.49566
0.910998
-0.0334273
1.10067
2.66813
0.600853
1.62752
-0.12134
0.0783409
-0.239045
-0.434684
0.0574754
0.100357
0.557936
-0.643538
0.493147
0.225081
0.206268
0.683164
2.17177
0.995202
1.42103
2.5855
1.6846
1.12939
2.08602
3.22987
0.483035
1.84837
0.186006
-0.248465
0.322591
0.926268
-0.961731
-0.598595
0.942934
1.60056
1.78545
1.43734
0.820195
1.53002
3.49285
2.97681
0.940619
2.41443
0.379416
1.3508
1.14442
1.7633
-0.214938
1.62426
1.16863
1.32876
-0.0286115
0.606424
-0.54414
0.266137
0.0301001
0.650373
1.16924
1.84796
-0.0690628
1.29362
2.08649
1.96132
-0.594446
1.73202
0.831233
2.38141
1.9293
0.651154
1.26942
1.51085
1.22676
0.93277
3.09144
1.81709
0.995005
1.19327
3.17645
1.69981
1.38022
1.80408
0.860571
-0.396144
1.51988
-1.29428
0.0183268
2.49616
0.017718
1.382
0.695563
1.39238
1.59906
0.291587
-2.00459
2.44413
0.210982
1.40277
2.37117
-0.530747
2.77649
2.04817
1.17307
0.492594
2.7044
1.63043
1.75284
4.80831
1.78438
2.66385
0.928322
3.54879
0.865512
-0.407134
0.976463
-1.42686
2.77851
-0.674649
1.39831
2.29309
1.68271
1.52828
-0.222554
0.922147
2.31579
-0.0798663
-0.747541
0.011936
2.20836
0.611706
1.31519
-1.46757
-0.0926656
0.0107852
-0.790296
2.66024
2.47063
-1.21638
1.35337
-0.365498
0.7656
1.0646
3.41768
1.52388
0.0716351
2.17575
2.23885
1.1956
4.17099
0.764156
0.35081
1.77243
-0.841734
0.418017
0.236215
2.93248
1.99964
1.85923
2.30082
2.27193
1.04627
-1.00232
-1.3771
1.05343
3.35249
2.17521
2.48161
3.53684
0.313934
0.103913
2.55832
-0.0140211
-3.30242
-1.98173
-4.40498
-1.89428
-3.3907
-3.10273
-3.38428
-2.05072
-0.450569
-1.73273
-2.95835
-4.05723
-2.88114
-4.41085
-3.12354
-1.66771
-3.12374
-1.31316
-3.70452
-2.38122
-2.53325
-4.9801
-3.73805
-1.57883
-4.60908
-3.21673
-4.3778
-4.38522
-4.30313
-1.83591
-2.99072
-2.4709
-3.78516
-3.17627
-1.81634
-4.82077
-4.0727
-1.55669
-0.603718
-4.22073
-2.37876
-4.76335
-2.06987
-2.81173
-4.43372
-2.28021
-1.21173
-3.22289
-4.27086
-4.58104
-4.75629
-2.4365
-2.52003
-4.10815
-1.93364
-4.50696
-0.896551
-6.00907
-3.38718
-1.93466
-2.98264
-2.9306
-3.71916
-0.220706
-3.65101
-2.01288
-1.28702
-3.48049
-0.951306
-2.37222
-5.10407
-3.66648
-3.20537
-2.09784
-1.99208
-2.0142
-5.04637
-5.15774
-1.09716
-1.83547
-2.41708
-0.813357
-0.38802
-4.09219
-2.94074
-2.39038
-2.82978
-2.71319
-2.72542
-1.46336
-6.88728
-3.00833
-3.35417
-3.66285
-2.79634
-2.24451
-3.40297
-2.97436
-5.33334
-4.57585
1
1
1
1
1
1
1
1
1
1
1
1
1
1
1
1
1
1
1
1
1
1
1
1
1
1
1
1
1
1
1
1
1
1
1
1
1
1
1
1
1
1
1
1
1
1
1
1
1
1
1
1
1
1
1
1
1
1
1
1
1
1
1
1
1
1
1
1
1
1
1
1
1
1
1
1
1
1
1
1
1
1
1
1
1
1
1
1
1
1
1
1
1
1
1
1
1
1
1
1
2
2
2
2
2
2
2
2
2
2
2
2
2
2
2
2
2
2
2
2
2
2
2
2
2
2
2
2
2
2
2
2
2
2
2
2
2
2
2
2
2
2
2
2
2
2
2
2
2
2
2
2
2
2
2
2
2
2
2
2
2
2
2
2
2
2
2
2
2
2
2
2
2
2
2
2
2
2
2
2
2
2
2
2
2
2
2
2
2
2
2
2
2
2
2
2
2
2
2
2
3
3
3
3
3
3
3
3
3
3
3
3
3
3
3
3
3
3
3
3
3
3
3
3
3
3
3
3
3
3
3
3
3
3
3
3
3
3
3
3
3
3
3
3
3
3
3
3
3
3
3
3
3
3
3
3
3
3
3
3
3
3
3
3
3
3
3
3
3
3
3
3
3
3
3
3
3
3
3
3
3
3
3
3
3
3
3
3
3
3
3
3
3
3
3
3
3
3
3
3
